774444445474
999432241222
877772514722
632323211121
867424423362
988523222122
977422224222
655555333332
643432222122
888223222222
666622256222
777952272253
743222222222
933632122222
958444643884
988885253244
766432412232
999735323363
956267552136
999999884139
786416347535
888884333244
887755444442
988768633395
988841414316
999876567853
866675745333
987557333231
666667443455
985544443333
988888874345
762232212323
554222124232
867523226335
555333333232
664443411225
884448433223
764462432232
999999999999
555555361521
982452223252
998765462425
999999988665
766434224414
774222233223
887755383232
766666666245
999999999999
555555444443
964434333476
887665554434
663334111262
766435352266
877654433634
777764343212
865444444432
777753322143
555555556789
888887845343
998888664527
777723452222
744444443333
886666222436
888886639431
977664434435
666555544444
998874397265
996532232355
444233222333
864433333224
844333262214
988885621452
988776667237
888888865553
998885674567
888877777766
864633252212
777775524212
777776542396
966644333443
976555634724
776664333333
988886666765
998777774445
766666555563
922222222222
843524415483
665555334463
999999644933
999999999999
666666554443
666633533222
775555722323
665333434334
935163266232
877776665595
875544258542
766665333541
777777662512
999999935436
866665543823
776443334253
544443333334
964433333333
888766765663
999989546445
987655544553
996452246122
888888888873
444326222222
766933333454
974444447244
995453357453
976666554333
655433222232
876644232266
664444444333
777655544532
966443663331
977774446931
999999738939
987823223334
977232323222
998333814123
774444432412
888888888889
444444456789
656233224432
444333332222
999999999999
765333221249
999888888958
654333333332
926432442143
977758923323
754444444444
988867333336
555222222224
744444444333
733222241222
666553243222
875535433213
888777777442
555555555443
752222552125
666666555444
944562622252
665558333313
887775433333
886554445274
923323322252
954433222132
877666415423
765444444311
976664433233
922222232221
666554322524
888887666484
755547364644
777753322263
999888765533
887755533453
777672953482
664513232422
765333334122
999965865965
999999996642
444333333333
977772652228
988766666565
333333333222
976666683234
666665543335
544333422222
988888777636
888545121242
977774427322
975423222262
877444422325
988777356454
965543335532
999999999987
544444433333
775712322221
777777777789
999943253279
999988876656
887777775552
664444444445
766323543353
555555444444
877777715727
888887762222
774433333413
665533333227
774333333322
954823433443
999999988666
666666666789
887665223832